2.000000	43.093316	41.877703	40.415932
2.010000	43.057077	41.841682	40.380778
2.020000	43.021360	41.806225	40.346337
2.030000	42.986158	41.771323	40.312597
2.040000	42.951463	41.736968	40.279546
2.050000	42.917269	41.703154	40.247171
2.060000	42.883569	41.669873	40.215460
2.070000	42.850357	41.637116	40.184404
2.080000	42.817626	41.604878	40.153989
2.090000	42.785370	41.573150	40.124204
2.100000	42.753583	41.541926	40.095040
2.110000	42.722258	41.511199	40.066484
2.120000	42.691389	41.480960	40.038526
2.130000	42.660971	41.451205	40.011157
2.140000	42.630996	41.421926	39.984364
2.150000	42.601460	41.393116	39.958139
2.160000	42.572357	41.364769	39.932471
2.170000	42.543680	41.336878	39.907351
2.180000	42.515424	41.309437	39.882769
2.190000	42.487584	41.282440	39.858715
2.200000	42.460154	41.255880	39.835180
2.210000	42.433128	41.229751	39.812155
2.220000	42.406501	41.204047	39.789631
2.230000	42.380267	41.178762	39.767599
2.240000	42.354423	41.153891	39.746050
2.250000	42.328961	41.129426	39.724976
2.260000	42.303878	41.105364	39.704368
2.270000	42.279167	41.081697	39.684218
2.280000	42.254825	41.058421	39.664517
2.290000	42.230846	41.035530	39.645259
2.300000	42.207225	41.013018	39.626434
2.310000	42.183958	40.990880	39.608035
2.320000	42.161039	40.969111	39.590055
2.330000	42.138464	40.947705	39.572485
2.340000	42.116229	40.926658	39.555319
2.350000	42.094329	40.905963	39.538549
2.360000	42.072759	40.885617	39.522168
2.370000	42.051515	40.865614	39.506169
2.380000	42.030592	40.845950	39.490546
2.390000	42.009987	40.826619	39.475290
2.400000	41.989695	40.807617	39.460397
2.410000	41.969711	40.788938	39.445858
2.420000	41.950032	40.770579	39.431668
2.430000	41.930653	40.752535	39.417820
2.440000	41.911570	40.734802	39.404308
2.450000	41.892780	40.717374	39.391126
2.460000	41.874279	40.700247	39.378268
2.470000	41.856061	40.683418	39.365727
2.480000	41.838125	40.666881	39.353499
2.490000	41.820465	40.650634	39.341577
2.500000	41.803078	40.634670	39.329955
2.510000	41.785961	40.618987	39.318628
2.520000	41.769109	40.603580	39.307591
2.530000	41.752519	40.588446	39.296839
2.540000	41.736188	40.573580	39.286365
2.550000	41.720112	40.558978	39.276165
2.560000	41.704287	40.544638	39.266233
2.570000	41.688711	40.530553	39.256565
2.580000	41.673379	40.516723	39.247156
2.590000	41.658288	40.503141	39.238001
2.600000	41.643436	40.489805	39.229094
2.610000	41.628818	40.476712	39.220432
2.620000	41.614432	40.463857	39.212010
2.630000	41.600274	40.451237	39.203823
2.640000	41.586342	40.438850	39.195867
2.650000	41.572632	40.426690	39.188137
2.660000	41.559140	40.414756	39.180629
2.670000	41.545865	40.403043	39.173339
2.680000	41.532804	40.391549	39.166263
2.690000	41.519952	40.380270	39.159396
2.700000	41.507308	40.369203	39.152735
2.710000	41.494868	40.358344	39.146275
2.720000	41.482630	40.347692	39.140013
2.730000	41.470590	40.337243	39.133945
2.740000	41.458747	40.326993	39.128067
2.750000	41.447097	40.316940	39.122376
2.760000	41.435638	40.307082	39.116867
2.770000	41.424367	40.297414	39.111538
2.780000	41.413281	40.287934	39.106384
2.790000	41.402378	40.278640	39.101403
2.800000	41.391656	40.269528	39.096590
2.810000	41.381112	40.260596	39.091944
2.820000	41.370742	40.251842	39.087459
2.830000	41.360546	40.243262	39.083134
2.840000	41.350520	40.234854	39.078964
2.850000	41.340663	40.226615	39.074947
2.860000	41.330971	40.218543	39.071080
2.870000	41.321443	40.210636	39.067360
2.880000	41.312075	40.202890	39.063784
2.890000	41.302867	40.195304	39.060348
2.900000	41.293816	40.187874	39.057051
2.910000	41.284919	40.180599	39.053889
2.920000	41.276174	40.173477	39.050859
2.930000	41.267579	40.166504	39.047960
2.940000	41.259133	40.159679	39.045187
2.950000	41.250832	40.152999	39.042539
2.960000	41.242676	40.146463	39.040013
2.970000	41.234661	40.140068	39.037607
2.980000	41.226786	40.133811	39.035317
2.990000	41.219049	40.127691	39.033142
3.000000	41.211449	40.121706	39.031080
3.010000	41.203982	40.115853	39.029127
3.020000	41.196647	40.110131	39.027281
3.030000	41.189442	40.104537	39.025541
3.040000	41.182366	40.099070	39.023904
3.050000	41.175417	40.093727	39.022368
3.060000	41.168592	40.088507	39.020931
3.070000	41.161890	40.083408	39.019590
3.080000	41.155310	40.078427	39.018343
3.090000	41.148849	40.073564	39.017189
3.100000	41.142505	40.068815	39.016126
3.110000	41.136278	40.064180	39.015151
3.120000	41.130165	40.059657	39.014263
3.130000	41.124165	40.055243	39.013459
3.140000	41.118277	40.050938	39.012738
3.150000	41.112497	40.046738	39.012099
3.160000	41.106826	40.042644	39.011538
3.170000	41.101261	40.038653	39.011055
3.180000	41.095802	40.034763	39.010647
3.190000	41.090445	40.030973	39.010314
3.200000	41.085190	40.027281	39.010053
3.210000	41.080036	40.023686	39.009862
3.220000	41.074981	40.020186	39.009741
3.230000	41.070023	40.016779	39.009687
3.240000	41.065161	40.013465	39.009699
3.250000	41.060394	40.010241	39.009775
3.260000	41.055720	40.007107	39.009915
3.270000	41.051138	40.004060	39.010115
3.280000	41.046647	40.001099	39.010376
3.290000	41.042245	39.998224	39.010695
3.300000	41.037931	39.995432	39.011072
3.310000	41.033704	39.992722	39.011504
3.320000	41.029562	39.990093	39.011991
3.330000	41.025504	39.987544	39.012531
3.340000	41.021529	39.985072	39.013123
3.350000	41.017636	39.982678	39.013765
3.360000	41.013823	39.980359	39.014457
3.370000	41.010089	39.978115	39.015196
3.380000	41.006434	39.975944	39.015983
3.390000	41.002855	39.973845	39.016816
3.400000	40.999352	39.971817	39.017693
3.410000	40.995924	39.969858	39.018613
3.420000	40.992569	39.967968	39.019576
3.430000	40.989287	39.966145	39.020580
3.440000	40.986076	39.964388	39.021624
3.450000	40.982935	39.962696	39.022707
3.460000	40.979864	39.961069	39.023828
3.470000	40.976861	39.959504	39.024986
3.480000	40.973925	39.958001	39.026181
3.490000	40.971055	39.956558	39.027410
3.500000	40.968250	39.955176	39.028673
3.510000	40.965509	39.953852	39.029970
3.520000	40.962832	39.952586	39.031299
3.530000	40.960216	39.951376	39.032659
3.540000	40.957662	39.950223	39.034050
3.550000	40.955169	39.949124	39.035470
3.560000	40.952734	39.948078	39.036919
3.570000	40.950358	39.947086	39.038396
3.580000	40.948040	39.946146	39.039900
3.590000	40.945779	39.945257	39.041430
3.600000	40.943573	39.944417	39.042985
3.610000	40.941422	39.943628	39.044566
3.620000	40.939326	39.942886	39.046170
3.630000	40.937283	39.942192	39.047797
3.640000	40.935292	39.941545	39.049447
3.650000	40.933353	39.940944	39.051118
3.660000	40.931464	39.940387	39.052811
3.670000	40.929626	39.939875	39.054524
3.680000	40.927837	39.939406	39.056256
3.690000	40.926097	39.938980	39.058008
3.700000	40.924404	39.938596	39.059778
3.710000	40.922758	39.938253	39.061565
3.720000	40.921158	39.937951	39.063370
3.730000	40.919604	39.937688	39.065191
3.740000	40.918095	39.937463	39.067028
3.750000	40.916630	39.937277	39.068880
3.760000	40.915208	39.937129	39.070747
3.770000	40.913829	39.937017	39.072628
3.780000	40.912492	39.936941	39.074523
3.790000	40.911196	39.936901	39.076431
3.800000	40.909941	39.936895	39.078351
3.810000	40.908726	39.936924	39.080283
3.820000	40.907551	39.936986	39.082227
3.830000	40.906414	39.937080	39.084181
3.840000	40.905315	39.937207	39.086147
3.850000	40.904254	39.937366	39.088122
3.860000	40.903229	39.937555	39.090106
3.870000	40.902241	39.937775	39.092100
3.880000	40.901288	39.938024	39.094103
3.890000	40.900371	39.938302	39.096113
3.900000	40.899488	39.938609	39.098132
3.910000	40.898639	39.938944	39.100157
3.920000	40.897824	39.939307	39.102190
3.930000	40.897041	39.939696	39.104229
3.940000	40.896291	39.940112	39.106274
3.950000	40.895572	39.940554	39.108325
3.960000	40.894884	39.941021	39.110382
3.970000	40.894228	39.941512	39.112443
3.980000	40.893601	39.942028	39.114509
3.990000	40.893004	39.942568	39.116579
4.000000	40.892437	39.943131	39.118653
4.010000	40.891897	39.943717	39.120731
4.020000	40.891387	39.944325	39.122812
4.030000	40.890904	39.944955	39.124896
4.040000	40.890448	39.945606	39.126982
4.050000	40.890018	39.946278	39.129071
4.060000	40.889616	39.946971	39.131161
4.070000	40.889239	39.947683	39.133254
4.080000	40.888887	39.948415	39.135348
4.090000	40.888561	39.949167	39.137443
4.100000	40.888258	39.949937	39.139538
4.110000	40.887980	39.950725	39.141635
4.120000	40.887726	39.951532	39.143731
4.130000	40.887495	39.952356	39.145828
4.140000	40.887287	39.953196	39.147924
4.150000	40.887101	39.954054	39.150020
4.160000	40.886938	39.954928	39.152115
4.170000	40.886795	39.955818	39.154210
4.180000	40.886675	39.956723	39.156303
4.190000	40.886575	39.957644	39.158395
4.200000	40.886495	39.958579	39.160485
4.210000	40.886436	39.959529	39.162573
4.220000	40.886397	39.960493	39.164659
4.230000	40.886376	39.961471	39.166743
4.240000	40.886375	39.962463	39.168825
4.250000	40.886393	39.963467	39.170904
4.260000	40.886429	39.964484	39.172980
4.270000	40.886483	39.965514	39.175053
4.280000	40.886554	39.966556	39.177123
4.290000	40.886643	39.967609	39.179189
4.300000	40.886749	39.968674	39.181252
4.310000	40.886872	39.969751	39.183312
4.320000	40.887011	39.970838	39.185367
4.330000	40.887166	39.971936	39.187418
4.340000	40.887337	39.973044	39.189466
4.350000	40.887523	39.974162	39.191508
4.360000	40.887725	39.975290	39.193547
4.370000	40.887941	39.976427	39.195581
4.380000	40.888172	39.977574	39.197610
4.390000	40.888417	39.978729	39.199634
4.400000	40.888676	39.979894	39.201653
4.410000	40.888949	39.981066	39.203667
4.420000	40.889236	39.982247	39.205676
4.430000	40.889535	39.983436	39.207679
4.440000	40.889848	39.984632	39.209677
4.450000	40.890173	39.985836	39.211669
4.460000	40.890510	39.987047	39.213656
4.470000	40.890860	39.988265	39.215636
4.480000	40.891221	39.989490	39.217611
4.490000	40.891594	39.990721	39.219580
4.500000	40.891979	39.991959	39.221542
4.510000	40.892374	39.993202	39.223499
4.520000	40.892781	39.994452	39.225449
4.530000	40.893198	39.995707	39.227392
4.540000	40.893626	39.996967	39.229329
4.550000	40.894064	39.998233	39.231260
4.560000	40.894512	39.999503	39.233184
4.570000	40.894970	40.000779	39.235101
4.580000	40.895437	40.002059	39.237011
4.590000	40.895914	40.003344	39.238915
4.600000	40.896400	40.004632	39.240811
4.610000	40.896894	40.005925	39.242701
4.620000	40.897398	40.007222	39.244583
4.630000	40.897910	40.008523	39.246458
4.640000	40.898431	40.009827	39.248326
4.650000	40.898959	40.011134	39.250187
4.660000	40.899496	40.012444	39.252041
4.670000	40.900040	40.013758	39.253887
4.680000	40.900592	40.015074	39.255725
4.690000	40.901151	40.016394	39.257556
4.700000	40.901718	40.017715	39.259380
4.710000	40.902292	40.019039	39.261196
4.720000	40.902872	40.020366	39.263005
4.730000	40.903460	40.021694	39.264805
4.740000	40.904053	40.023024	39.266599
4.750000	40.904653	40.024356	39.268384
4.760000	40.905260	40.025690	39.270162
4.770000	40.905872	40.027025	39.271931
4.780000	40.906491	40.028362	39.273693
4.790000	40.907115	40.029700	39.275447
4.800000	40.907744	40.031039	39.277194
4.810000	40.908380	40.032379	39.278932
4.820000	40.909020	40.033720	39.280662
4.830000	40.909665	40.035061	39.282385
4.840000	40.910316	40.036403	39.284099
4.850000	40.910971	40.037746	39.285805
4.860000	40.911631	40.039089	39.287504
4.870000	40.912296	40.040432	39.289194
4.880000	40.912965	40.041776	39.290876
4.890000	40.913639	40.043119	39.292550
4.900000	40.914316	40.044463	39.294216
4.910000	40.914998	40.045806	39.295874
4.920000	40.915683	40.047149	39.297524
4.930000	40.916373	40.048491	39.299165
4.940000	40.917066	40.049833	39.300799
4.950000	40.917762	40.051175	39.302424
4.960000	40.918462	40.052515	39.304041
4.970000	40.919166	40.053855	39.305650
4.980000	40.919872	40.055194	39.307251
4.990000	40.920582	40.056533	39.308844
5.000000	40.921295	40.057870	39.310428
5.010000	40.922010	40.059206	39.312005
5.020000	40.922728	40.060540	39.313573
5.030000	40.923449	40.061874	39.315133
5.040000	40.924173	40.063206	39.316684
5.050000	40.924899	40.064536	39.318228
5.060000	40.925627	40.065865	39.319763
5.070000	40.926357	40.067192	39.321291
5.080000	40.927090	40.068518	39.322810
5.090000	40.927825	40.069842	39.324321
5.100000	40.928562	40.071164	39.325823
5.110000	40.929300	40.072484	39.327318
5.120000	40.930041	40.073802	39.328804
5.130000	40.930783	40.075118	39.330283
5.140000	40.931526	40.076431	39.331753
5.150000	40.932271	40.077743	39.333215
5.160000	40.933018	40.079052	39.334669
5.170000	40.933766	40.080359	39.336115
5.180000	40.934515	40.081664	39.337553
5.190000	40.935266	40.082966	39.338983
5.200000	40.936017	40.084266	39.340405
5.210000	40.936770	40.085563	39.341818
5.220000	40.937523	40.086857	39.343224
5.230000	40.938278	40.088149	39.344622
5.240000	40.939033	40.089438	39.346012
5.250000	40.939789	40.090724	39.347394
5.260000	40.940545	40.092008	39.348768
5.270000	40.941303	40.093288	39.350133
5.280000	40.942060	40.094566	39.351492
5.290000	40.942819	40.095841	39.352842
5.300000	40.943577	40.097112	39.354184
5.310000	40.944336	40.098381	39.355519
5.320000	40.945095	40.099646	39.356845
5.330000	40.945855	40.100909	39.358164
5.340000	40.946614	40.102168	39.359475
5.350000	40.947374	40.103424	39.360778
5.360000	40.948133	40.104676	39.362074
5.370000	40.948893	40.105925	39.363362
5.380000	40.949652	40.107171	39.364642
5.390000	40.950411	40.108414	39.365915
5.400000	40.951171	40.109653	39.367179
5.410000	40.951929	40.110889	39.368437
5.420000	40.952688	40.112121	39.369686
5.430000	40.953446	40.113349	39.370928
5.440000	40.954204	40.114574	39.372163
5.450000	40.954961	40.115796	39.373390
5.460000	40.955718	40.117014	39.374610
5.470000	40.956474	40.118228	39.375822
5.480000	40.957229	40.119438	39.377026
5.490000	40.957984	40.120645	39.378224
5.500000	40.958739	40.121848	39.379413
5.510000	40.959492	40.123047	39.380596
5.520000	40.960245	40.124243	39.381771
5.530000	40.960996	40.125434	39.382939
5.540000	40.961747	40.126622	39.384100
5.550000	40.962497	40.127806	39.385253
5.560000	40.963246	40.128986	39.386399
5.570000	40.963994	40.130162	39.387538
5.580000	40.964741	40.131334	39.388670
5.590000	40.965487	40.132503	39.389795
5.600000	40.966232	40.133667	39.390912
5.610000	40.966976	40.134827	39.392023
5.620000	40.967718	40.135984	39.393126
5.630000	40.968460	40.137136	39.394223
5.640000	40.969200	40.138284	39.395312
5.650000	40.969938	40.139429	39.396395
5.660000	40.970676	40.140569	39.397470
5.670000	40.971412	40.141705	39.398539
5.680000	40.972147	40.142837	39.399601
5.690000	40.972880	40.143965	39.400656
5.700000	40.973612	40.145088	39.401705
5.710000	40.974342	40.146208	39.402746
5.720000	40.975071	40.147324	39.403781
5.730000	40.975798	40.148435	39.404809
5.740000	40.976524	40.149542	39.405830
5.750000	40.977248	40.150645	39.406845
5.760000	40.977971	40.151744	39.407853
5.770000	40.978692	40.152838	39.408855
5.780000	40.979411	40.153929	39.409850
5.790000	40.980129	40.155015	39.410839
5.800000	40.980844	40.156097	39.411821
5.810000	40.981559	40.157174	39.412797
5.820000	40.982271	40.158248	39.413766
5.830000	40.982982	40.159317	39.414729
5.840000	40.983691	40.160382	39.415685
5.850000	40.984398	40.161443	39.416635
5.860000	40.985103	40.162499	39.417579
5.870000	40.985806	40.163551	39.418517
5.880000	40.986508	40.164599	39.419448
5.890000	40.987207	40.165643	39.420373
5.900000	40.987905	40.166682	39.421292
5.910000	40.988601	40.167717	39.422205
5.920000	40.989294	40.168748	39.423112
5.930000	40.989986	40.169775	39.424013
5.940000	40.990676	40.170797	39.424908
5.950000	40.991364	40.171815	39.425796
5.960000	40.992050	40.172829	39.426679
5.970000	40.992733	40.173838	39.427556
5.980000	40.993415	40.174843	39.428427
5.990000	40.994095	40.175844	39.429292
6.000000	40.994772	40.176841	39.430151
6.010000	40.995448	40.177833	39.431005
6.020000	40.996121	40.178821	39.431852
6.030000	40.996793	40.179804	39.432694
6.040000	40.997462	40.180784	39.433530
6.050000	40.998129	40.181759	39.434361
6.060000	40.998794	40.182730	39.435185
6.070000	40.999457	40.183696	39.436005
6.080000	41.000117	40.184659	39.436818
6.090000	41.000776	40.185617	39.437626
6.100000	41.001432	40.186571	39.438429
6.110000	41.002086	40.187520	39.439226
6.120000	41.002738	40.188465	39.440017
6.130000	41.003387	40.189406	39.440804
6.140000	41.004035	40.190343	39.441584
6.150000	41.004680	40.191276	39.442360
6.160000	41.005323	40.192204	39.443130
6.170000	41.005963	40.193128	39.443894
6.180000	41.006602	40.194048	39.444654
6.190000	41.007238	40.194963	39.445408
6.200000	41.007872	40.195875	39.446157
6.210000	41.008503	40.196782	39.446901
6.220000	41.009132	40.197685	39.447639
6.230000	41.009759	40.198584	39.448373
6.240000	41.010384	40.199479	39.449101
6.250000	41.011006	40.200369	39.449825
6.260000	41.011627	40.201255	39.450543
6.270000	41.012244	40.202137	39.451256
6.280000	41.012860	40.203015	39.451965
6.290000	41.013473	40.203889	39.452668
6.300000	41.014084	40.204759	39.453366
6.310000	41.014692	40.205624	39.454060
6.320000	41.015298	40.206486	39.454749
6.330000	41.015902	40.207343	39.455433
6.340000	41.016504	40.208196	39.456112
6.350000	41.017103	40.209045	39.456786
6.360000	41.017700	40.209890	39.457456
6.370000	41.018294	40.210731	39.458120
6.380000	41.018886	40.211568	39.458781
6.390000	41.019476	40.212401	39.459436
6.400000	41.020064	40.213230	39.460087
6.410000	41.020649	40.214055	39.460734
6.420000	41.021231	40.214875	39.461375
6.430000	41.021812	40.215692	39.462013
6.440000	41.022390	40.216505	39.462645
6.450000	41.022965	40.217313	39.463273
6.460000	41.023539	40.218118	39.463897
6.470000	41.024110	40.218919	39.464517
6.480000	41.024678	40.219715	39.465132
6.490000	41.025245	40.220508	39.465742
6.500000	41.025808	40.221297	39.466348
6.510000	41.026370	40.222082	39.466950
6.520000	41.026929	40.222863	39.467548
6.530000	41.027486	40.223640	39.468141
6.540000	41.028040	40.224413	39.468731
6.550000	41.028593	40.225183	39.469316
6.560000	41.029142	40.225948	39.469896
6.570000	41.029690	40.226710	39.470473
6.580000	41.030235	40.227467	39.471045
6.590000	41.030778	40.228221	39.471614
6.600000	41.031318	40.228971	39.472178
6.610000	41.031856	40.229717	39.472738
6.620000	41.032392	40.230460	39.473295
6.630000	41.032925	40.231198	39.473847
6.640000	41.033456	40.231933	39.474395
6.650000	41.033985	40.232664	39.474940
6.660000	41.034511	40.233392	39.475480
6.670000	41.035035	40.234115	39.476017
6.680000	41.035557	40.234835	39.476549
6.690000	41.036076	40.235551	39.477078
6.700000	41.036593	40.236264	39.477603
6.710000	41.037108	40.236972	39.478124
6.720000	41.037621	40.237678	39.478642
6.730000	41.038131	40.238379	39.479156
6.740000	41.038639	40.239077	39.479666
6.750000	41.039144	40.239771	39.480172
6.760000	41.039647	40.240461	39.480675
6.770000	41.040148	40.241148	39.481174
6.780000	41.040647	40.241831	39.481669
6.790000	41.041143	40.242511	39.482161
6.800000	41.041637	40.243187	39.482649
6.810000	41.042129	40.243860	39.483134
6.820000	41.042619	40.244529	39.483615
6.830000	41.043106	40.245194	39.484093
6.840000	41.043591	40.245856	39.484567
6.850000	41.044074	40.246515	39.485037
6.860000	41.044554	40.247170	39.485505
6.870000	41.045033	40.247821	39.485969
6.880000	41.045509	40.248469	39.486429
6.890000	41.045982	40.249114	39.486886
6.900000	41.046454	40.249755	39.487340
6.910000	41.046923	40.250392	39.487791
6.920000	41.047390	40.251027	39.488238
6.930000	41.047855	40.251658	39.488682
6.940000	41.048318	40.252285	39.489123
6.950000	41.048779	40.252909	39.489560
6.960000	41.049237	40.253530	39.489994
6.970000	41.049693	40.254147	39.490425
6.980000	41.050147	40.254761	39.490853
6.990000	41.050598	40.255372	39.491278
7.000000	41.051048	40.255980	39.491700
7.010000	41.051495	40.256584	39.492118
7.020000	41.051941	40.257185	39.492534
7.030000	41.052384	40.257782	39.492946
7.040000	41.052824	40.258377	39.493356
7.050000	41.053263	40.258968	39.493762
7.060000	41.053700	40.259556	39.494166
7.070000	41.054134	40.260141	39.494566
7.080000	41.054567	40.260722	39.494964
7.090000	41.054997	40.261300	39.495358
7.100000	41.055425	40.261876	39.495750
7.110000	41.055851	40.262448	39.496139
7.120000	41.056275	40.263016	39.496525
7.130000	41.056697	40.263582	39.496908
7.140000	41.057116	40.264145	39.497288
7.150000	41.057534	40.264704	39.497665
7.160000	41.057949	40.265261	39.498040
7.170000	41.058363	40.265814	39.498412
7.180000	41.058774	40.266364	39.498781
7.190000	41.059184	40.266912	39.499147
7.200000	41.059591	40.267456	39.499511
7.210000	41.059996	40.267997	39.499872
7.220000	41.060399	40.268535	39.500230
7.230000	41.060801	40.269071	39.500586
7.240000	41.061200	40.269603	39.500939
7.250000	41.061597	40.270132	39.501289
7.260000	41.061992	40.270659	39.501637
7.270000	41.062385	40.271182	39.501982
7.280000	41.062776	40.271702	39.502325
7.290000	41.063165	40.272220	39.502665
7.300000	41.063552	40.272735	39.503003
7.310000	41.063938	40.273246	39.503338
7.320000	41.064321	40.273755	39.503670
7.330000	41.064702	40.274261	39.504000
7.340000	41.065081	40.274765	39.504328
7.350000	41.065459	40.275265	39.504653
7.360000	41.065834	40.275763	39.504976
7.370000	41.066208	40.276257	39.505296
7.380000	41.066579	40.276749	39.505614
7.390000	41.066949	40.277239	39.505930
7.400000	41.067317	40.277725	39.506243
7.410000	41.067682	40.278209	39.506554
7.420000	41.068046	40.278690	39.506863
7.430000	41.068408	40.279168	39.507169
7.440000	41.068769	40.279643	39.507473
7.450000	41.069127	40.280116	39.507775
7.460000	41.069483	40.280586	39.508074
7.470000	41.069838	40.281054	39.508371
7.480000	41.070191	40.281519	39.508666
7.490000	41.070541	40.281981	39.508959
7.500000	41.070891	40.282440	39.509250
7.510000	41.071238	40.282897	39.509538
7.520000	41.071583	40.283352	39.509825
7.530000	41.071927	40.283803	39.510109
7.540000	41.072268	40.284252	39.510391
7.550000	41.072608	40.284699	39.510671
7.560000	41.072946	40.285143	39.510948
7.570000	41.073283	40.285585	39.511224
7.580000	41.073617	40.286023	39.511498
7.590000	41.073950	40.286460	39.511769
7.600000	41.074281	40.286894	39.512039
7.610000	41.074611	40.287325	39.512306
7.620000	41.074938	40.287754	39.512572
7.630000	41.075264	40.288181	39.512835
7.640000	41.075588	40.288605	39.513097
7.650000	41.075910	40.289026	39.513357
7.660000	41.076231	40.289445	39.513614
7.670000	41.076550	40.289862	39.513870
7.680000	41.076867	40.290276	39.514124
7.690000	41.077182	40.290688	39.514376
7.700000	41.077496	40.291098	39.514626
7.710000	41.077808	40.291505	39.514874
7.720000	41.078119	40.291910	39.515120
7.730000	41.078427	40.292312	39.515364
7.740000	41.078735	40.292712	39.515607
7.750000	41.079040	40.293110	39.515847
7.760000	41.079344	40.293506	39.516086
7.770000	41.079646	40.293899	39.516323
7.780000	41.079946	40.294290	39.516559
7.790000	41.080245	40.294678	39.516792
7.800000	41.080543	40.295065	39.517024
7.810000	41.080838	40.295449	39.517254
7.820000	41.081132	40.295831	39.517482
7.830000	41.081425	40.296210	39.517709
7.840000	41.081716	40.296588	39.517934
7.850000	41.082005	40.296963	39.518157
7.860000	41.082293	40.297336	39.518378
7.870000	41.082579	40.297707	39.518598
7.880000	41.082863	40.298076	39.518816
7.890000	41.083146	40.298442	39.519032
7.900000	41.083428	40.298806	39.519247
7.910000	41.083708	40.299169	39.519460
7.920000	41.083986	40.299529	39.519672
7.930000	41.084263	40.299887	39.519882
7.940000	41.084538	40.300243	39.520090
7.950000	41.084812	40.300597	39.520297
7.960000	41.085084	40.300948	39.520503
7.970000	41.085355	40.301298	39.520706
7.980000	41.085625	40.301646	39.520908
7.990000	41.085892	40.301991	39.521109
8.000000	41.086159	40.302335	39.521308
8.010000	41.086424	40.302676	39.521506
8.020000	41.086687	40.303016	39.521702
8.030000	41.086949	40.303353	39.521896
8.040000	41.087210	40.303689	39.522090
8.050000	41.087469	40.304022	39.522281
8.060000	41.087726	40.304354	39.522471
8.070000	41.087982	40.304683	39.522660
8.080000	41.088237	40.305011	39.522847
8.090000	41.088491	40.305336	39.523033
8.100000	41.088743	40.305660	39.523218
8.110000	41.088993	40.305982	39.523401
8.120000	41.089242	40.306302	39.523583
8.130000	41.089490	40.306620	39.523763
8.140000	41.089737	40.306936	39.523942
8.150000	41.089982	40.307250	39.524120
8.160000	41.090225	40.307563	39.524296
8.170000	41.090467	40.307873	39.524471
8.180000	41.090708	40.308182	39.524644
8.190000	41.090948	40.308489	39.524817
8.200000	41.091186	40.308794	39.524988
8.210000	41.091423	40.309097	39.525157
8.220000	41.091659	40.309399	39.525326
8.230000	41.091893	40.309698	39.525493
8.240000	41.092126	40.309996	39.525658
8.250000	41.092357	40.310292	39.525823
8.260000	41.092588	40.310586	39.525986
8.270000	41.092817	40.310879	39.526148
8.280000	41.093045	40.311170	39.526309
8.290000	41.093271	40.311459	39.526469
8.300000	41.093496	40.311746	39.526627
8.310000	41.093720	40.312032	39.526784
8.320000	41.093943	40.312316	39.526940
8.330000	41.094164	40.312598	39.527095
8.340000	41.094384	40.312878	39.527248
8.350000	41.094603	40.313157	39.527401
8.360000	41.094821	40.313434	39.527552
8.370000	41.095037	40.313710	39.527702
8.380000	41.095252	40.313984	39.527851
8.390000	41.095466	40.314256	39.527999
8.400000	41.095679	40.314526	39.528146
8.410000	41.095891	40.314795	39.528291
8.420000	41.096101	40.315062	39.528436
8.430000	41.096310	40.315328	39.528579
8.440000	41.096518	40.315592	39.528721
8.450000	41.096725	40.315855	39.528863
8.460000	41.096930	40.316116	39.529003
8.470000	41.097135	40.316375	39.529142
8.480000	41.097338	40.316633	39.529280
8.490000	41.097540	40.316889	39.529417
8.500000	41.097741	40.317144	39.529552
8.510000	41.097941	40.317397	39.529687
8.520000	41.098139	40.317649	39.529821
8.530000	41.098337	40.317899	39.529954
8.540000	41.098533	40.318148	39.530086
8.550000	41.098729	40.318395	39.530216
8.560000	41.098923	40.318640	39.530346
8.570000	41.099116	40.318884	39.530475
8.580000	41.099308	40.319127	39.530603
8.590000	41.099498	40.319368	39.530729
8.600000	41.099688	40.319608	39.530855
8.610000	41.099877	40.319846	39.530980
8.620000	41.100064	40.320083	39.531104
8.630000	41.100251	40.320319	39.531227
8.640000	41.100436	40.320553	39.531349
8.650000	41.100621	40.320785	39.531470
8.660000	41.100804	40.321016	39.531590
8.670000	41.100986	40.321246	39.531709
8.680000	41.101167	40.321474	39.531828
8.690000	41.101347	40.321701	39.531945
8.700000	41.101526	40.321927	39.532062
8.710000	41.101704	40.322151	39.532177
8.720000	41.101881	40.322374	39.532292
8.730000	41.102057	40.322596	39.532406
8.740000	41.102232	40.322816	39.532519
8.750000	41.102406	40.323035	39.532631
8.760000	41.102579	40.323252	39.532742
8.770000	41.102751	40.323468	39.532853
8.780000	41.102922	40.323683	39.532962
8.790000	41.103092	40.323897	39.533071
8.800000	41.103261	40.324109	39.533179
8.810000	41.103429	40.324320	39.533286
8.820000	41.103596	40.324530	39.533392
8.830000	41.103762	40.324738	39.533497
8.840000	41.103927	40.324945	39.533602
8.850000	41.104092	40.325151	39.533706
8.860000	41.104255	40.325356	39.533809
8.870000	41.104417	40.325559	39.533911
8.880000	41.104578	40.325761	39.534013
8.890000	41.104739	40.325962	39.534113
8.900000	41.104898	40.326162	39.534213
8.910000	41.105057	40.326360	39.534312
8.920000	41.105214	40.326557	39.534411
8.930000	41.105371	40.326754	39.534508
8.940000	41.105527	40.326948	39.534605
8.950000	41.105681	40.327142	39.534701
8.960000	41.105835	40.327334	39.534796
8.970000	41.105988	40.327526	39.534891
8.980000	41.106140	40.327716	39.534985
8.990000	41.106292	40.327905	39.535078
9.000000	41.106442	40.328093	39.535171
9.010000	41.106592	40.328279	39.535262
9.020000	41.106740	40.328465	39.535353
9.030000	41.106888	40.328649	39.535444
9.040000	41.107035	40.328832	39.535534
9.050000	41.107181	40.329014	39.535622
9.060000	41.107326	40.329195	39.535711
9.070000	41.107470	40.329375	39.535798
9.080000	41.107614	40.329554	39.535885
9.090000	41.107756	40.329732	39.535972
9.100000	41.107898	40.329908	39.536057
9.110000	41.108039	40.330084	39.536142
9.120000	41.108179	40.330258	39.536226
9.130000	41.108319	40.330432	39.536310
9.140000	41.108457	40.330604	39.536393
9.150000	41.108595	40.330775	39.536475
9.160000	41.108732	40.330945	39.536557
9.170000	41.108868	40.331115	39.536638
9.180000	41.109003	40.331283	39.536719
9.190000	41.109137	40.331450	39.536799
9.200000	41.109271	40.331616	39.536878
9.210000	41.109404	40.331781	39.536956
9.220000	41.109536	40.331945	39.537034
9.230000	41.109667	40.332108	39.537112
9.240000	41.109798	40.332270	39.537189
9.250000	41.109928	40.332431	39.537265
9.260000	41.110057	40.332591	39.537341
9.270000	41.110185	40.332750	39.537416
9.280000	41.110312	40.332908	39.537490
9.290000	41.110439	40.333065	39.537564
9.300000	41.110565	40.333221	39.537637
9.310000	41.110690	40.333376	39.537710
9.320000	41.110815	40.333530	39.537782
9.330000	41.110939	40.333683	39.537854
9.340000	41.111062	40.333836	39.537925
9.350000	41.111184	40.333987	39.537996
9.360000	41.111306	40.334137	39.538066
9.370000	41.111427	40.334287	39.538135
9.380000	41.111547	40.334435	39.538204
9.390000	41.111666	40.334583	39.538272
9.400000	41.111785	40.334730	39.538340
9.410000	41.111903	40.334876	39.538408
9.420000	41.112020	40.335021	39.538475
9.430000	41.112137	40.335165	39.538541
9.440000	41.112253	40.335308	39.538607
9.450000	41.112368	40.335450	39.538672
9.460000	41.112483	40.335591	39.538737
9.470000	41.112597	40.335732	39.538801
9.480000	41.112710	40.335871	39.538865
9.490000	41.112822	40.336010	39.538928
9.500000	41.112934	40.336148	39.538991
9.510000	41.113046	40.336285	39.539053
9.520000	41.113156	40.336421	39.539115
9.530000	41.113266	40.336557	39.539177
9.540000	41.113375	40.336691	39.539238
9.550000	41.113484	40.336825	39.539298
9.560000	41.113592	40.336958	39.539358
9.570000	41.113699	40.337090	39.539417
9.580000	41.113806	40.337221	39.539476
9.590000	41.113912	40.337351	39.539535
9.600000	41.114017	40.337481	39.539593
9.610000	41.114122	40.337610	39.539651
9.620000	41.114226	40.337738	39.539708
9.630000	41.114330	40.337865	39.539765
9.640000	41.114433	40.337991	39.539821
9.650000	41.114535	40.338117	39.539877
9.660000	41.114637	40.338242	39.539933
9.670000	41.114738	40.338366	39.539988
9.680000	41.114838	40.338489	39.540042
9.690000	41.114938	40.338612	39.540097
9.700000	41.115037	40.338733	39.540151
9.710000	41.115136	40.338854	39.540204
9.720000	41.115234	40.338975	39.540257
9.730000	41.115332	40.339094	39.540309
9.740000	41.115429	40.339213	39.540362
9.750000	41.115525	40.339331	39.540413
9.760000	41.115621	40.339448	39.540465
9.770000	41.115716	40.339565	39.540516
9.780000	41.115811	40.339681	39.540566
9.790000	41.115905	40.339796	39.540616
9.800000	41.115998	40.339910	39.540666
9.810000	41.116091	40.340024	39.540716
9.820000	41.116184	40.340137	39.540765
9.830000	41.116275	40.340249	39.540813
9.840000	41.116367	40.340361	39.540862
9.850000	41.116457	40.340472	39.540909
9.860000	41.116548	40.340582	39.540957
9.870000	41.116637	40.340691	39.541004
9.880000	41.116726	40.340800	39.541051
9.890000	41.116815	40.340908	39.541097
9.900000	41.116903	40.341016	39.541143
9.910000	41.116991	40.341123	39.541189
9.920000	41.117078	40.341229	39.541235
9.930000	41.117164	40.341334	39.541280
9.940000	41.117250	40.341439	39.541324
9.950000	41.117336	40.341543	39.541369
9.960000	41.117421	40.341647	39.541412
9.970000	41.117505	40.341750	39.541456
9.980000	41.117589	40.341852	39.541499
9.990000	41.117672	40.341954	39.541542
10.000000	41.117755	40.342055	39.541585
10.010000	41.117838	40.342155	39.541627
10.020000	41.117920	40.342255	39.541669
10.030000	41.118001	40.342354	39.541711
10.040000	41.118082	40.342452	39.541752
10.050000	41.118162	40.342550	39.541793
10.060000	41.118242	40.342647	39.541834
10.070000	41.118322	40.342744	39.541874
10.080000	41.118401	40.342840	39.541914
10.090000	41.118479	40.342935	39.541954
10.100000	41.118558	40.343030	39.541994
10.110000	41.118635	40.343125	39.542033
10.120000	41.118712	40.343218	39.542072
10.130000	41.118789	40.343311	39.542110
10.140000	41.118865	40.343404	39.542148
10.150000	41.118941	40.343496	39.542186
10.160000	41.119016	40.343587	39.542224
10.170000	41.119091	40.343678	39.542261
10.180000	41.119165	40.343768	39.542298
10.190000	41.119239	40.343858	39.542335
10.200000	41.119313	40.343947	39.542372
10.210000	41.119386	40.344035	39.542408
10.220000	41.119458	40.344123	39.542444
10.230000	41.119531	40.344211	39.542479
10.240000	41.119602	40.344298	39.542515
10.250000	41.119674	40.344384	39.542550
10.260000	41.119745	40.344470	39.542585
10.270000	41.119815	40.344555	39.542619
10.280000	41.119885	40.344640	39.542654
10.290000	41.119955	40.344724	39.542688
10.300000	41.120024	40.344808	39.542721
10.310000	41.120093	40.344891	39.542755
10.320000	41.120161	40.344973	39.542788
10.330000	41.120229	40.345055	39.542821
10.340000	41.120296	40.345137	39.542854
10.350000	41.120363	40.345218	39.542886
10.360000	41.120430	40.345299	39.542919
10.370000	41.120496	40.345379	39.542951
10.380000	41.120562	40.345458	39.542982
10.390000	41.120628	40.345537	39.543014
10.400000	41.120693	40.345616	39.543045
10.410000	41.120758	40.345694	39.543076
10.420000	41.120822	40.345772	39.543107
10.430000	41.120886	40.345849	39.543137
10.440000	41.120950	40.345925	39.543168
10.450000	41.121013	40.346001	39.543198
10.460000	41.121075	40.346077	39.543228
10.470000	41.121138	40.346152	39.543257
10.480000	41.121200	40.346227	39.543287
10.490000	41.121262	40.346301	39.543316
10.500000	41.121323	40.346375	39.543345
10.510000	41.121384	40.346448	39.543373
10.520000	41.121444	40.346521	39.543402
10.530000	41.121504	40.346594	39.543430
10.540000	41.121564	40.346666	39.543458
10.550000	41.121624	40.346737	39.543486
10.560000	41.121683	40.346808	39.543513
10.570000	41.121741	40.346879	39.543541
10.580000	41.121800	40.346949	39.543568
10.590000	41.121858	40.347019	39.543595
10.600000	41.121916	40.347088	39.543622
10.610000	41.121973	40.347157	39.543648
10.620000	41.122030	40.347225	39.543674
10.630000	41.122086	40.347293	39.543701
10.640000	41.122143	40.347361	39.543727
10.650000	41.122199	40.347428	39.543752
10.660000	41.122254	40.347494	39.543778
10.670000	41.122310	40.347561	39.543803
10.680000	41.122364	40.347627	39.543828
10.690000	41.122419	40.347692	39.543853
10.700000	41.122473	40.347757	39.543878
10.710000	41.122527	40.347822	39.543902
10.720000	41.122581	40.347886	39.543927
10.730000	41.122634	40.347950	39.543951
10.740000	41.122687	40.348013	39.543975
10.750000	41.122740	40.348076	39.543999
10.760000	41.122792	40.348139	39.544022
10.770000	41.122844	40.348201	39.544046
10.780000	41.122896	40.348263	39.544069
10.790000	41.122947	40.348325	39.544092
10.800000	41.122998	40.348386	39.544115
10.810000	41.123049	40.348446	39.544138
10.820000	41.123099	40.348507	39.544160
10.830000	41.123149	40.348567	39.544183
10.840000	41.123199	40.348626	39.544205
10.850000	41.123249	40.348685	39.544227
10.860000	41.123298	40.348744	39.544249
10.870000	41.123347	40.348803	39.544270
10.880000	41.123395	40.348861	39.544292
10.890000	41.123444	40.348918	39.544313
10.900000	41.123492	40.348976	39.544334
10.910000	41.123540	40.349033	39.544355
10.920000	41.123587	40.349089	39.544376
10.930000	41.123634	40.349146	39.544397
10.940000	41.123681	40.349201	39.544417
10.950000	41.123728	40.349257	39.544438
10.960000	41.123774	40.349312	39.544458
10.970000	41.123820	40.349367	39.544478
10.980000	41.123866	40.349422	39.544498
10.990000	41.123911	40.349476	39.544518
11.000000	41.123956	40.349530	39.544537
11.010000	41.124001	40.349583	39.544557
11.020000	41.124046	40.349636	39.544576
11.030000	41.124090	40.349689	39.544595
11.040000	41.124134	40.349742	39.544614
11.050000	41.124178	40.349794	39.544633
11.060000	41.124222	40.349846	39.544652
11.070000	41.124265	40.349897	39.544670
11.080000	41.124308	40.349948	39.544689
11.090000	41.124351	40.349999	39.544707
11.100000	41.124393	40.350050	39.544725
11.110000	41.124436	40.350100	39.544743
11.120000	41.124478	40.350150	39.544761
11.130000	41.124519	40.350199	39.544779
11.140000	41.124561	40.350249	39.544796
11.150000	41.124602	40.350298	39.544814
11.160000	41.124643	40.350346	39.544831
11.170000	41.124684	40.350395	39.544848
11.180000	41.124724	40.350443	39.544865
11.190000	41.124764	40.350490	39.544882
11.200000	41.124804	40.350538	39.544899
11.210000	41.124844	40.350585	39.544915
11.220000	41.124884	40.350632	39.544932
11.230000	41.124923	40.350678	39.544948
11.240000	41.124962	40.350725	39.544965
11.250000	41.125001	40.350771	39.544981
11.260000	41.125039	40.350816	39.544997
11.270000	41.125078	40.350862	39.545013
11.280000	41.125116	40.350907	39.545028
11.290000	41.125154	40.350952	39.545044
11.300000	41.125191	40.350996	39.545059
11.310000	41.125229	40.351040	39.545075
11.320000	41.125266	40.351084	39.545090
11.330000	41.125303	40.351128	39.545105
11.340000	41.125339	40.351171	39.545120
11.350000	41.125376	40.351215	39.545135
11.360000	41.125412	40.351258	39.545150
11.370000	41.125448	40.351300	39.545165
11.380000	41.125484	40.351342	39.545179
11.390000	41.125519	40.351385	39.545194
11.400000	41.125555	40.351426	39.545208
11.410000	41.125590	40.351468	39.545222
11.420000	41.125625	40.351509	39.545236
11.430000	41.125660	40.351550	39.545250
11.440000	41.125694	40.351591	39.545264
11.450000	41.125729	40.351631	39.545278
11.460000	41.125763	40.351672	39.545292
11.470000	41.125797	40.351712	39.545305
11.480000	41.125830	40.351751	39.545319
11.490000	41.125864	40.351791	39.545332
11.500000	41.125897	40.351830	39.545346
11.510000	41.125930	40.351869	39.545359
11.520000	41.125963	40.351908	39.545372
11.530000	41.125996	40.351946	39.545385
11.540000	41.126028	40.351985	39.545398
11.550000	41.126060	40.352023	39.545410
11.560000	41.126092	40.352060	39.545423
11.570000	41.126124	40.352098	39.545436
11.580000	41.126156	40.352135	39.545448
11.590000	41.126187	40.352172	39.545460
11.600000	41.126219	40.352209	39.545473
11.610000	41.126250	40.352246	39.545485
11.620000	41.126281	40.352282	39.545497
11.630000	41.126311	40.352318	39.545509
11.640000	41.126342	40.352354	39.545521
11.650000	41.126372	40.352390	39.545533
11.660000	41.126402	40.352425	39.545544
11.670000	41.126432	40.352461	39.545556
11.680000	41.126462	40.352496	39.545568
11.690000	41.126492	40.352530	39.545579
11.700000	41.126521	40.352565	39.545590
11.710000	41.126551	40.352599	39.545602
11.720000	41.126580	40.352633	39.545613
11.730000	41.126608	40.352667	39.545624
11.740000	41.126637	40.352701	39.545635
11.750000	41.126666	40.352734	39.545646
11.760000	41.126694	40.352768	39.545657
11.770000	41.126722	40.352801	39.545667
11.780000	41.126750	40.352834	39.545678
11.790000	41.126778	40.352866	39.545689
11.800000	41.126806	40.352899	39.545699
11.810000	41.126833	40.352931	39.545710
11.820000	41.126861	40.352963	39.545720
11.830000	41.126888	40.352995	39.545730
11.840000	41.126915	40.353027	39.545740
11.850000	41.126942	40.353058	39.545750
11.860000	41.126968	40.353089	39.545760
11.870000	41.126995	40.353120	39.545770
11.880000	41.127021	40.353151	39.545780
11.890000	41.127047	40.353182	39.545790
11.900000	41.127073	40.353212	39.545800
11.910000	41.127099	40.353242	39.545809
11.920000	41.127125	40.353272	39.545819
11.930000	41.127151	40.353302	39.545829
11.940000	41.127176	40.353332	39.545838
11.950000	41.127201	40.353362	39.545847
11.960000	41.127226	40.353391	39.545857
11.970000	41.127251	40.353420	39.545866
11.980000	41.127276	40.353449	39.545875
11.990000	41.127301	40.353478	39.545884
12.000000	41.127325	40.353506	39.545893
12.010000	41.127349	40.353535	39.545902
12.020000	41.127374	40.353563	39.545911
12.030000	41.127398	40.353591	39.545919
12.040000	41.127421	40.353619	39.545928
12.050000	41.127445	40.353646	39.545937
12.060000	41.127469	40.353674	39.545945
12.070000	41.127492	40.353701	39.545954
12.080000	41.127516	40.353728	39.545962
12.090000	41.127539	40.353755	39.545971
12.100000	41.127562	40.353782	39.545979
12.110000	41.127585	40.353809	39.545987
12.120000	41.127607	40.353835	39.545996
12.130000	41.127630	40.353862	39.546004
12.140000	41.127652	40.353888	39.546012
12.150000	41.127675	40.353914	39.546020
12.160000	41.127697	40.353940	39.546028
12.170000	41.127719	40.353965	39.546035
12.180000	41.127741	40.353991	39.546043
12.190000	41.127763	40.354016	39.546051
12.200000	41.127784	40.354041	39.546059
12.210000	41.127806	40.354066	39.546066
12.220000	41.127827	40.354091	39.546074
12.230000	41.127848	40.354116	39.546081
12.240000	41.127869	40.354140	39.546089
12.250000	41.127890	40.354165	39.546096
12.260000	41.127911	40.354189	39.546104
12.270000	41.127932	40.354213	39.546111
12.280000	41.127953	40.354237	39.546118
12.290000	41.127973	40.354261	39.546125
12.300000	41.127993	40.354284	39.546132
12.310000	41.128014	40.354308	39.546140
12.320000	41.128034	40.354331	39.546147
12.330000	41.128054	40.354354	39.546153
12.340000	41.128074	40.354377	39.546160
12.350000	41.128093	40.354400	39.546167
12.360000	41.128113	40.354423	39.546174
12.370000	41.128132	40.354446	39.546181
12.380000	41.128152	40.354468	39.546187
12.390000	41.128171	40.354490	39.546194
12.400000	41.128190	40.354513	39.546201
12.410000	41.128209	40.354535	39.546207
12.420000	41.128228	40.354556	39.546214
12.430000	41.128247	40.354578	39.546220
12.440000	41.128265	40.354600	39.546226
12.450000	41.128284	40.354621	39.546233
12.460000	41.128302	40.354643	39.546239
12.470000	41.128321	40.354664	39.546245
12.480000	41.128339	40.354685	39.546251
12.490000	41.128357	40.354706	39.546258
12.500000	41.128375	40.354727	39.546264
12.510000	41.128393	40.354747	39.546270
12.520000	41.128411	40.354768	39.546276
12.530000	41.128428	40.354788	39.546282
12.540000	41.128446	40.354809	39.546288
12.550000	41.128463	40.354829	39.546293
12.560000	41.128481	40.354849	39.546299
12.570000	41.128498	40.354869	39.546305
12.580000	41.128515	40.354888	39.546311
12.590000	41.128532	40.354908	39.546316
12.600000	41.128549	40.354928	39.546322
12.610000	41.128566	40.354947	39.546328
12.620000	41.128582	40.354966	39.546333
12.630000	41.128599	40.354985	39.546339
12.640000	41.128616	40.355004	39.546344
12.650000	41.128632	40.355023	39.546349
12.660000	41.128648	40.355042	39.546355
12.670000	41.128664	40.355061	39.546360
12.680000	41.128681	40.355079	39.546365
12.690000	41.128696	40.355098	39.546371
12.700000	41.128712	40.355116	39.546376
12.710000	41.128728	40.355134	39.546381
12.720000	41.128744	40.355152	39.546386
12.730000	41.128760	40.355170	39.546391
12.740000	41.128775	40.355188	39.546396
12.750000	41.128790	40.355206	39.546401
12.760000	41.128806	40.355224	39.546406
12.770000	41.128821	40.355241	39.546411
12.780000	41.128836	40.355259	39.546416
12.790000	41.128851	40.355276	39.546421
12.800000	41.128866	40.355293	39.546426
12.810000	41.128881	40.355310	39.546431
12.820000	41.128896	40.355327	39.546435
12.830000	41.128910	40.355344	39.546440
12.840000	41.128925	40.355361	39.546445
12.850000	41.128939	40.355377	39.546449
12.860000	41.128954	40.355394	39.546454
12.870000	41.128968	40.355410	39.546459
12.880000	41.128982	40.355427	39.546463
12.890000	41.128997	40.355443	39.546468
12.900000	41.129011	40.355459	39.546472
12.910000	41.129025	40.355475	39.546476
12.920000	41.129038	40.355491	39.546481
12.930000	41.129052	40.355507	39.546485
12.940000	41.129066	40.355523	39.546489
12.950000	41.129080	40.355538	39.546494
12.960000	41.129093	40.355554	39.546498
12.970000	41.129107	40.355569	39.546502
12.980000	41.129120	40.355584	39.546506
12.990000	41.129133	40.355600	39.546511
13.000000	41.129146	40.355615	39.546515
13.010000	41.129160	40.355630	39.546519
13.020000	41.129173	40.355645	39.546523
13.030000	41.129186	40.355660	39.546527
13.040000	41.129198	40.355674	39.546531
13.050000	41.129211	40.355689	39.546535
13.060000	41.129224	40.355704	39.546539
13.070000	41.129237	40.355718	39.546543
13.080000	41.129249	40.355732	39.546547
13.090000	41.129262	40.355747	39.546550
13.100000	41.129274	40.355761	39.546554
13.110000	41.129287	40.355775	39.546558
13.120000	41.129299	40.355789	39.546562
13.130000	41.129311	40.355803	39.546565
13.140000	41.129323	40.355817	39.546569
13.150000	41.129335	40.355831	39.546573
13.160000	41.129347	40.355844	39.546576
13.170000	41.129359	40.355858	39.546580
13.180000	41.129371	40.355871	39.546584
13.190000	41.129383	40.355885	39.546587
13.200000	41.129394	40.355898	39.546591
13.210000	41.129406	40.355911	39.546594
13.220000	41.129417	40.355925	39.546598
13.230000	41.129429	40.355938	39.546601
13.240000	41.129440	40.355951	39.546605
13.250000	41.129452	40.355964	39.546608
13.260000	41.129463	40.355976	39.546611
13.270000	41.129474	40.355989	39.546615
13.280000	41.129485	40.356002	39.546618
13.290000	41.129496	40.356014	39.546621
13.300000	41.129507	40.356027	39.546625
13.310000	41.129518	40.356039	39.546628
13.320000	41.129529	40.356052	39.546631
13.330000	41.129540	40.356064	39.546634
13.340000	41.129550	40.356076	39.546637
13.350000	41.129561	40.356088	39.546640
13.360000	41.129572	40.356100	39.546644
13.370000	41.129582	40.356112	39.546647
13.380000	41.129592	40.356124	39.546650
13.390000	41.129603	40.356136	39.546653
13.400000	41.129613	40.356148	39.546656
13.410000	41.129623	40.356159	39.546659
13.420000	41.129634	40.356171	39.546662
13.430000	41.129644	40.356182	39.546665
13.440000	41.129654	40.356194	39.546668
13.450000	41.129664	40.356205	39.546670
13.460000	41.129674	40.356216	39.546673
13.470000	41.129684	40.356228	39.546676
13.480000	41.129693	40.356239	39.546679
13.490000	41.129703	40.356250	39.546682
13.500000	41.129713	40.356261	39.546685
13.510000	41.129723	40.356272	39.546687
13.520000	41.129732	40.356283	39.546690
13.530000	41.129742	40.356294	39.546693
13.540000	41.129751	40.356304	39.546696
13.550000	41.129761	40.356315	39.546698
13.560000	41.129770	40.356326	39.546701
13.570000	41.129779	40.356336	39.546704
13.580000	41.129788	40.356347	39.546706
13.590000	41.129798	40.356357	39.546709
13.600000	41.129807	40.356367	39.546711
13.610000	41.129816	40.356378	39.546714
13.620000	41.129825	40.356388	39.546717
13.630000	41.129834	40.356398	39.546719
13.640000	41.129843	40.356408	39.546722
13.650000	41.129851	40.356418	39.546724
13.660000	41.129860	40.356428	39.546726
13.670000	41.129869	40.356438	39.546729
13.680000	41.129878	40.356448	39.546731
13.690000	41.129886	40.356457	39.546734
13.700000	41.129895	40.356467	39.546736
13.710000	41.129903	40.356477	39.546739
13.720000	41.129912	40.356486	39.546741
13.730000	41.129920	40.356496	39.546743
13.740000	41.129929	40.356505	39.546746
13.750000	41.129937	40.356515	39.546748
13.760000	41.129945	40.356524	39.546750
13.770000	41.129953	40.356533	39.546752
13.780000	41.129962	40.356542	39.546755
13.790000	41.129970	40.356552	39.546757
13.800000	41.129978	40.356561	39.546759
13.810000	41.129986	40.356570	39.546761
13.820000	41.129994	40.356579	39.546763
13.830000	41.130002	40.356588	39.546766
13.840000	41.130009	40.356596	39.546768
13.850000	41.130017	40.356605	39.546770
13.860000	41.130025	40.356614	39.546772
13.870000	41.130033	40.356623	39.546774
13.880000	41.130040	40.356631	39.546776
13.890000	41.130048	40.356640	39.546778
13.900000	41.130056	40.356648	39.546780
13.910000	41.130063	40.356657	39.546782
13.920000	41.130071	40.356665	39.546784
13.930000	41.130078	40.356674	39.546786
13.940000	41.130085	40.356682	39.546788
13.950000	41.130093	40.356690	39.546790
13.960000	41.130100	40.356699	39.546792
13.970000	41.130107	40.356707	39.546794
13.980000	41.130114	40.356715	39.546796
13.990000	41.130122	40.356723	39.546798
14.000000	41.130129	40.356731	39.546800
14.010000	41.130136	40.356739	39.546802
14.020000	41.130143	40.356747	39.546803
14.030000	41.130150	40.356755	39.546805
14.040000	41.130157	40.356762	39.546807
14.050000	41.130164	40.356770	39.546809
14.060000	41.130171	40.356778	39.546811
14.070000	41.130177	40.356786	39.546813
14.080000	41.130184	40.356793	39.546814
14.090000	41.130191	40.356801	39.546816
14.100000	41.130198	40.356808	39.546818
14.110000	41.130204	40.356816	39.546820
14.120000	41.130211	40.356823	39.546821
14.130000	41.130217	40.356830	39.546823
14.140000	41.130224	40.356838	39.546825
14.150000	41.130230	40.356845	39.546826
14.160000	41.130237	40.356852	39.546828
14.170000	41.130243	40.356859	39.546830
14.180000	41.130250	40.356867	39.546831
14.190000	41.130256	40.356874	39.546833
14.200000	41.130262	40.356881	39.546835
14.210000	41.130269	40.356888	39.546836
14.220000	41.130275	40.356895	39.546838
14.230000	41.130281	40.356902	39.546839
14.240000	41.130287	40.356909	39.546841
14.250000	41.130293	40.356915	39.546842
14.260000	41.130299	40.356922	39.546844
14.270000	41.130305	40.356929	39.546846
14.280000	41.130311	40.356936	39.546847
14.290000	41.130317	40.356942	39.546849
14.300000	41.130323	40.356949	39.546850
14.310000	41.130329	40.356955	39.546852
14.320000	41.130335	40.356962	39.546853
14.330000	41.130341	40.356968	39.546854
14.340000	41.130346	40.356975	39.546856
14.350000	41.130352	40.356981	39.546857
14.360000	41.130358	40.356988	39.546859
14.370000	41.130363	40.356994	39.546860
14.380000	41.130369	40.357000	39.546862
14.390000	41.130375	40.357007	39.546863
14.400000	41.130380	40.357013	39.546864
14.410000	41.130386	40.357019	39.546866
14.420000	41.130391	40.357025	39.546867
14.430000	41.130397	40.357031	39.546868
14.440000	41.130402	40.357037	39.546870
14.450000	41.130407	40.357043	39.546871
14.460000	41.130413	40.357049	39.546872
14.470000	41.130418	40.357055	39.546874
14.480000	41.130423	40.357061	39.546875
14.490000	41.130429	40.357067	39.546876
14.500000	41.130434	40.357073	39.546878
14.510000	41.130439	40.357078	39.546879
14.520000	41.130444	40.357084	39.546880
14.530000	41.130449	40.357090	39.546881
14.540000	41.130455	40.357096	39.546883
14.550000	41.130460	40.357101	39.546884
14.560000	41.130465	40.357107	39.546885
14.570000	41.130470	40.357112	39.546886
14.580000	41.130475	40.357118	39.546888
14.590000	41.130480	40.357123	39.546889
14.600000	41.130484	40.357129	39.546890
14.610000	41.130489	40.357134	39.546891
14.620000	41.130494	40.357140	39.546892
14.630000	41.130499	40.357145	39.546893
14.640000	41.130504	40.357150	39.546895
14.650000	41.130509	40.357156	39.546896
14.660000	41.130513	40.357161	39.546897
14.670000	41.130518	40.357166	39.546898
14.680000	41.130523	40.357171	39.546899
14.690000	41.130527	40.357176	39.546900
14.700000	41.130532	40.357182	39.546901
14.710000	41.130536	40.357187	39.546902
14.720000	41.130541	40.357192	39.546903
14.730000	41.130546	40.357197	39.546904
14.740000	41.130550	40.357202	39.546906
14.750000	41.130555	40.357207	39.546907
14.760000	41.130559	40.357212	39.546908
14.770000	41.130563	40.357217	39.546909
14.780000	41.130568	40.357221	39.546910
14.790000	41.130572	40.357226	39.546911
14.800000	41.130577	40.357231	39.546912
14.810000	41.130581	40.357236	39.546913
14.820000	41.130585	40.357241	39.546914
14.830000	41.130589	40.357245	39.546915
14.840000	41.130594	40.357250	39.546916
14.850000	41.130598	40.357255	39.546917
14.860000	41.130602	40.357259	39.546918
14.870000	41.130606	40.357264	39.546919
14.880000	41.130610	40.357268	39.546920
14.890000	41.130614	40.357273	39.546920
14.900000	41.130618	40.357278	39.546921
14.910000	41.130622	40.357282	39.546922
14.920000	41.130627	40.357286	39.546923
14.930000	41.130631	40.357291	39.546924
14.940000	41.130634	40.357295	39.546925
14.950000	41.130638	40.357300	39.546926
14.960000	41.130642	40.357304	39.546927
14.970000	41.130646	40.357308	39.546928
14.980000	41.130650	40.357313	39.546929
14.990000	41.130654	40.357317	39.546930
15.000000	41.130658	40.357321	39.546930
15.010000	41.130662	40.357325	39.546931
15.020000	41.130665	40.357330	39.546932
15.030000	41.130669	40.357334	39.546933
15.040000	41.130673	40.357338	39.546934
15.050000	41.130677	40.357342	39.546935
15.060000	41.130680	40.357346	39.546935
15.070000	41.130684	40.357350	39.546936
15.080000	41.130688	40.357354	39.546937
15.090000	41.130691	40.357358	39.546938
15.100000	41.130695	40.357362	39.546939
15.110000	41.130698	40.357366	39.546939
15.120000	41.130702	40.357370	39.546940
15.130000	41.130706	40.357374	39.546941
15.140000	41.130709	40.357378	39.546942
15.150000	41.130713	40.357381	39.546943
15.160000	41.130716	40.357385	39.546943
15.170000	41.130719	40.357389	39.546944
15.180000	41.130723	40.357393	39.546945
15.190000	41.130726	40.357397	39.546946
15.200000	41.130730	40.357400	39.546946
15.210000	41.130733	40.357404	39.546947
15.220000	41.130736	40.357408	39.546948
15.230000	41.130740	40.357411	39.546949
15.240000	41.130743	40.357415	39.546949
15.250000	41.130746	40.357419	39.546950
15.260000	41.130750	40.357422	39.546951
15.270000	41.130753	40.357426	39.546951
15.280000	41.130756	40.357429	39.546952
15.290000	41.130759	40.357433	39.546953
15.300000	41.130762	40.357436	39.546953
15.310000	41.130766	40.357440	39.546954
15.320000	41.130769	40.357443	39.546955
15.330000	41.130772	40.357447	39.546955
15.340000	41.130775	40.357450	39.546956
15.350000	41.130778	40.357453	39.546957
15.360000	41.130781	40.357457	39.546957
15.370000	41.130784	40.357460	39.546958
15.380000	41.130787	40.357464	39.546959
15.390000	41.130790	40.357467	39.546959
15.400000	41.130793	40.357470	39.546960
15.410000	41.130796	40.357473	39.546961
15.420000	41.130799	40.357477	39.546961
15.430000	41.130802	40.357480	39.546962
15.440000	41.130805	40.357483	39.546963
15.450000	41.130808	40.357486	39.546963
15.460000	41.130811	40.357489	39.546964
15.470000	41.130814	40.357492	39.546964
15.480000	41.130816	40.357496	39.546965
15.490000	41.130819	40.357499	39.546966
15.500000	41.130822	40.357502	39.546966
15.510000	41.130825	40.357505	39.546967
15.520000	41.130828	40.357508	39.546967
15.530000	41.130830	40.357511	39.546968
15.540000	41.130833	40.357514	39.546968
15.550000	41.130836	40.357517	39.546969
15.560000	41.130839	40.357520	39.546970
15.570000	41.130841	40.357523	39.546970
15.580000	41.130844	40.357526	39.546971
15.590000	41.130847	40.357529	39.546971
15.600000	41.130849	40.357531	39.546972
15.610000	41.130852	40.357534	39.546972
15.620000	41.130855	40.357537	39.546973
15.630000	41.130857	40.357540	39.546973
15.640000	41.130860	40.357543	39.546974
15.650000	41.130862	40.357546	39.546974
15.660000	41.130865	40.357548	39.546975
15.670000	41.130867	40.357551	39.546975
15.680000	41.130870	40.357554	39.546976
15.690000	41.130872	40.357557	39.546976
15.700000	41.130875	40.357559	39.546977
15.710000	41.130877	40.357562	39.546977
15.720000	41.130880	40.357565	39.546978
15.730000	41.130882	40.357567	39.546978
15.740000	41.130885	40.357570	39.546979
15.750000	41.130887	40.357573	39.546979
15.760000	41.130889	40.357575	39.546980
15.770000	41.130892	40.357578	39.546980
15.780000	41.130894	40.357580	39.546981
15.790000	41.130897	40.357583	39.546981
15.800000	41.130899	40.357586	39.546982
15.810000	41.130901	40.357588	39.546982
15.820000	41.130903	40.357591	39.546983
15.830000	41.130906	40.357593	39.546983
15.840000	41.130908	40.357596	39.546984
15.850000	41.130910	40.357598	39.546984
15.860000	41.130913	40.357600	39.546984
15.870000	41.130915	40.357603	39.546985
15.880000	41.130917	40.357605	39.546985
15.890000	41.130919	40.357608	39.546986
15.900000	41.130921	40.357610	39.546986
15.910000	41.130924	40.357612	39.546987
15.920000	41.130926	40.357615	39.546987
15.930000	41.130928	40.357617	39.546987
15.940000	41.130930	40.357619	39.546988
15.950000	41.130932	40.357622	39.546988
15.960000	41.130934	40.357624	39.546989
15.970000	41.130936	40.357626	39.546989
15.980000	41.130938	40.357629	39.546989
15.990000	41.130941	40.357631	39.546990
16.000000	41.130943	40.357633	39.546990
16.010000	41.130945	40.357635	39.546991
16.020000	41.130947	40.357638	39.546991
16.030000	41.130949	40.357640	39.546991
16.040000	41.130951	40.357642	39.546992
16.050000	41.130953	40.357644	39.546992
16.060000	41.130955	40.357646	39.546993
16.070000	41.130957	40.357648	39.546993
16.080000	41.130959	40.357650	39.546993
16.090000	41.130961	40.357653	39.546994
16.100000	41.130963	40.357655	39.546994
16.110000	41.130964	40.357657	39.546994
16.120000	41.130966	40.357659	39.546995
16.130000	41.130968	40.357661	39.546995
16.140000	41.130970	40.357663	39.546995
16.150000	41.130972	40.357665	39.546996
16.160000	41.130974	40.357667	39.546996
16.170000	41.130976	40.357669	39.546997
16.180000	41.130978	40.357671	39.546997
16.190000	41.130979	40.357673	39.546997
16.200000	41.130981	40.357675	39.546998
16.210000	41.130983	40.357677	39.546998
16.220000	41.130985	40.357679	39.546998
16.230000	41.130987	40.357681	39.546999
16.240000	41.130988	40.357683	39.546999
16.250000	41.130990	40.357685	39.546999
16.260000	41.130992	40.357687	39.547000
16.270000	41.130994	40.357688	39.547000
16.280000	41.130995	40.357690	39.547000
16.290000	41.130997	40.357692	39.547001
16.300000	41.130999	40.357694	39.547001
16.310000	41.131001	40.357696	39.547001
16.320000	41.131002	40.357698	39.547001
16.330000	41.131004	40.357699	39.547002
16.340000	41.131006	40.357701	39.547002
16.350000	41.131007	40.357703	39.547002
16.360000	41.131009	40.357705	39.547003
16.370000	41.131011	40.357707	39.547003
16.380000	41.131012	40.357708	39.547003
16.390000	41.131014	40.357710	39.547004
16.400000	41.131015	40.357712	39.547004
16.410000	41.131017	40.357714	39.547004
16.420000	41.131019	40.357715	39.547004
16.430000	41.131020	40.357717	39.547005
16.440000	41.131022	40.357719	39.547005
16.450000	41.131023	40.357720	39.547005
16.460000	41.131025	40.357722	39.547006
16.470000	41.131026	40.357724	39.547006
16.480000	41.131028	40.357725	39.547006
16.490000	41.131029	40.357727	39.547006
16.500000	41.131031	40.357729	39.547007
16.510000	41.131032	40.357730	39.547007
16.520000	41.131034	40.357732	39.547007
16.530000	41.131035	40.357733	39.547007
16.540000	41.131037	40.357735	39.547008
16.550000	41.131038	40.357737	39.547008
16.560000	41.131040	40.357738	39.547008
16.570000	41.131041	40.357740	39.547008
16.580000	41.131043	40.357741	39.547009
16.590000	41.131044	40.357743	39.547009
16.600000	41.131046	40.357744	39.547009
16.610000	41.131047	40.357746	39.547009
16.620000	41.131048	40.357747	39.547010
16.630000	41.131050	40.357749	39.547010
16.640000	41.131051	40.357750	39.547010
16.650000	41.131053	40.357752	39.547010
16.660000	41.131054	40.357753	39.547011
16.670000	41.131055	40.357755	39.547011
16.680000	41.131057	40.357756	39.547011
16.690000	41.131058	40.357758	39.547011
16.700000	41.131059	40.357759	39.547012
16.710000	41.131061	40.357760	39.547012
16.720000	41.131062	40.357762	39.547012
16.730000	41.131063	40.357763	39.547012
16.740000	41.131065	40.357765	39.547012
16.750000	41.131066	40.357766	39.547013
16.760000	41.131067	40.357767	39.547013
16.770000	41.131068	40.357769	39.547013
16.780000	41.131070	40.357770	39.547013
16.790000	41.131071	40.357771	39.547014
16.800000	41.131072	40.357773	39.547014
16.810000	41.131074	40.357774	39.547014
16.820000	41.131075	40.357775	39.547014
16.830000	41.131076	40.357777	39.547014
16.840000	41.131077	40.357778	39.547015
16.850000	41.131078	40.357779	39.547015
16.860000	41.131080	40.357781	39.547015
16.870000	41.131081	40.357782	39.547015
16.880000	41.131082	40.357783	39.547015
16.890000	41.131083	40.357785	39.547016
16.900000	41.131084	40.357786	39.547016
16.910000	41.131086	40.357787	39.547016
16.920000	41.131087	40.357788	39.547016
16.930000	41.131088	40.357790	39.547016
16.940000	41.131089	40.357791	39.547017
16.950000	41.131090	40.357792	39.547017
16.960000	41.131091	40.357793	39.547017
16.970000	41.131092	40.357794	39.547017
16.980000	41.131094	40.357796	39.547017
16.990000	41.131095	40.357797	39.547018
17.000000	41.131096	40.357798	39.547018
17.010000	41.131097	40.357799	39.547018
17.020000	41.131098	40.357800	39.547018
17.030000	41.131099	40.357801	39.547018
17.040000	41.131100	40.357803	39.547018
17.050000	41.131101	40.357804	39.547019
17.060000	41.131102	40.357805	39.547019
17.070000	41.131103	40.357806	39.547019
17.080000	41.131104	40.357807	39.547019
17.090000	41.131105	40.357808	39.547019
17.100000	41.131107	40.357809	39.547019
17.110000	41.131108	40.357810	39.547020
17.120000	41.131109	40.357812	39.547020
17.130000	41.131110	40.357813	39.547020
17.140000	41.131111	40.357814	39.547020
17.150000	41.131112	40.357815	39.547020
17.160000	41.131113	40.357816	39.547020
17.170000	41.131114	40.357817	39.547021
17.180000	41.131115	40.357818	39.547021
17.190000	41.131116	40.357819	39.547021
17.200000	41.131117	40.357820	39.547021
17.210000	41.131118	40.357821	39.547021
17.220000	41.131119	40.357822	39.547021
17.230000	41.131120	40.357823	39.547022
17.240000	41.131120	40.357824	39.547022
17.250000	41.131121	40.357825	39.547022
17.260000	41.131122	40.357826	39.547022
17.270000	41.131123	40.357827	39.547022
17.280000	41.131124	40.357828	39.547022
17.290000	41.131125	40.357829	39.547022
17.300000	41.131126	40.357830	39.547023
17.310000	41.131127	40.357831	39.547023
17.320000	41.131128	40.357832	39.547023
17.330000	41.131129	40.357833	39.547023
17.340000	41.131130	40.357834	39.547023
17.350000	41.131131	40.357835	39.547023
17.360000	41.131131	40.357836	39.547023
17.370000	41.131132	40.357837	39.547024
17.380000	41.131133	40.357838	39.547024
17.390000	41.131134	40.357839	39.547024
17.400000	41.131135	40.357840	39.547024
17.410000	41.131136	40.357840	39.547024
17.420000	41.131137	40.357841	39.547024
17.430000	41.131138	40.357842	39.547024
17.440000	41.131138	40.357843	39.547024
17.450000	41.131139	40.357844	39.547025
17.460000	41.131140	40.357845	39.547025
17.470000	41.131141	40.357846	39.547025
17.480000	41.131142	40.357847	39.547025
17.490000	41.131143	40.357848	39.547025
17.500000	41.131143	40.357848	39.547025
17.510000	41.131144	40.357849	39.547025
17.520000	41.131145	40.357850	39.547025
17.530000	41.131146	40.357851	39.547026
17.540000	41.131147	40.357852	39.547026
17.550000	41.131147	40.357853	39.547026
17.560000	41.131148	40.357853	39.547026
17.570000	41.131149	40.357854	39.547026
17.580000	41.131150	40.357855	39.547026
17.590000	41.131150	40.357856	39.547026
17.600000	41.131151	40.357857	39.547026
17.610000	41.131152	40.357858	39.547026
17.620000	41.131153	40.357858	39.547027
17.630000	41.131153	40.357859	39.547027
17.640000	41.131154	40.357860	39.547027
17.650000	41.131155	40.357861	39.547027
17.660000	41.131156	40.357861	39.547027
17.670000	41.131156	40.357862	39.547027
17.680000	41.131157	40.357863	39.547027
17.690000	41.131158	40.357864	39.547027
17.700000	41.131159	40.357865	39.547027
17.710000	41.131159	40.357865	39.547028
17.720000	41.131160	40.357866	39.547028
17.730000	41.131161	40.357867	39.547028
17.740000	41.131161	40.357867	39.547028
17.750000	41.131162	40.357868	39.547028
17.760000	41.131163	40.357869	39.547028
17.770000	41.131164	40.357870	39.547028
17.780000	41.131164	40.357870	39.547028
17.790000	41.131165	40.357871	39.547028
17.800000	41.131166	40.357872	39.547028
17.810000	41.131166	40.357873	39.547029
17.820000	41.131167	40.357873	39.547029
17.830000	41.131168	40.357874	39.547029
17.840000	41.131168	40.357875	39.547029
17.850000	41.131169	40.357875	39.547029
17.860000	41.131170	40.357876	39.547029
17.870000	41.131170	40.357877	39.547029
17.880000	41.131171	40.357877	39.547029
17.890000	41.131171	40.357878	39.547029
17.900000	41.131172	40.357879	39.547029
17.910000	41.131173	40.357879	39.547029
17.920000	41.131173	40.357880	39.547030
17.930000	41.131174	40.357881	39.547030
17.940000	41.131175	40.357881	39.547030
17.950000	41.131175	40.357882	39.547030
17.960000	41.131176	40.357883	39.547030
17.970000	41.131176	40.357883	39.547030
17.980000	41.131177	40.357884	39.547030
17.990000	41.131178	40.357884	39.547030
18.000000	41.131178	40.357885	39.547030
18.010000	41.131179	40.357886	39.547030
18.020000	41.131179	40.357886	39.547030
18.030000	41.131180	40.357887	39.547031
18.040000	41.131181	40.357888	39.547031
18.050000	41.131181	40.357888	39.547031
18.060000	41.131182	40.357889	39.547031
18.070000	41.131182	40.357889	39.547031
18.080000	41.131183	40.357890	39.547031
18.090000	41.131183	40.357891	39.547031
18.100000	41.131184	40.357891	39.547031
18.110000	41.131185	40.357892	39.547031
18.120000	41.131185	40.357892	39.547031
18.130000	41.131186	40.357893	39.547031
18.140000	41.131186	40.357893	39.547031
18.150000	41.131187	40.357894	39.547031
18.160000	41.131187	40.357895	39.547032
18.170000	41.131188	40.357895	39.547032
18.180000	41.131188	40.357896	39.547032
18.190000	41.131189	40.357896	39.547032
18.200000	41.131189	40.357897	39.547032
18.210000	41.131190	40.357897	39.547032
18.220000	41.131190	40.357898	39.547032
18.230000	41.131191	40.357898	39.547032
18.240000	41.131191	40.357899	39.547032
18.250000	41.131192	40.357899	39.547032
18.260000	41.131193	40.357900	39.547032
18.270000	41.131193	40.357901	39.547032
18.280000	41.131194	40.357901	39.547032
18.290000	41.131194	40.357902	39.547032
18.300000	41.131195	40.357902	39.547032
18.310000	41.131195	40.357903	39.547033
18.320000	41.131195	40.357903	39.547033
18.330000	41.131196	40.357904	39.547033
18.340000	41.131196	40.357904	39.547033
18.350000	41.131197	40.357905	39.547033
18.360000	41.131197	40.357905	39.547033
18.370000	41.131198	40.357906	39.547033
18.380000	41.131198	40.357906	39.547033
18.390000	41.131199	40.357907	39.547033
18.400000	41.131199	40.357907	39.547033
18.410000	41.131200	40.357908	39.547033
18.420000	41.131200	40.357908	39.547033
18.430000	41.131201	40.357909	39.547033
18.440000	41.131201	40.357909	39.547033
18.450000	41.131202	40.357909	39.547033
18.460000	41.131202	40.357910	39.547033
18.470000	41.131202	40.357910	39.547034
18.480000	41.131203	40.357911	39.547034
18.490000	41.131203	40.357911	39.547034
18.500000	41.131204	40.357912	39.547034
18.510000	41.131204	40.357912	39.547034
18.520000	41.131205	40.357913	39.547034
18.530000	41.131205	40.357913	39.547034
18.540000	41.131206	40.357914	39.547034
18.550000	41.131206	40.357914	39.547034
18.560000	41.131206	40.357914	39.547034
18.570000	41.131207	40.357915	39.547034
18.580000	41.131207	40.357915	39.547034
18.590000	41.131208	40.357916	39.547034
18.600000	41.131208	40.357916	39.547034
18.610000	41.131208	40.357917	39.547034
18.620000	41.131209	40.357917	39.547034
18.630000	41.131209	40.357917	39.547034
18.640000	41.131210	40.357918	39.547034
18.650000	41.131210	40.357918	39.547034
18.660000	41.131210	40.357919	39.547035
18.670000	41.131211	40.357919	39.547035
18.680000	41.131211	40.357919	39.547035
18.690000	41.131212	40.357920	39.547035
18.700000	41.131212	40.357920	39.547035
18.710000	41.131212	40.357921	39.547035
18.720000	41.131213	40.357921	39.547035
18.730000	41.131213	40.357921	39.547035
18.740000	41.131214	40.357922	39.547035
18.750000	41.131214	40.357922	39.547035
18.760000	41.131214	40.357923	39.547035
18.770000	41.131215	40.357923	39.547035
18.780000	41.131215	40.357923	39.547035
18.790000	41.131215	40.357924	39.547035
18.800000	41.131216	40.357924	39.547035
18.810000	41.131216	40.357924	39.547035
18.820000	41.131216	40.357925	39.547035
18.830000	41.131217	40.357925	39.547035
18.840000	41.131217	40.357926	39.547035
18.850000	41.131218	40.357926	39.547035
18.860000	41.131218	40.357926	39.547035
18.870000	41.131218	40.357927	39.547036
18.880000	41.131219	40.357927	39.547036
18.890000	41.131219	40.357927	39.547036
18.900000	41.131219	40.357928	39.547036
18.910000	41.131220	40.357928	39.547036
18.920000	41.131220	40.357928	39.547036
18.930000	41.131220	40.357929	39.547036
18.940000	41.131221	40.357929	39.547036
18.950000	41.131221	40.357929	39.547036
18.960000	41.131221	40.357930	39.547036
18.970000	41.131222	40.357930	39.547036
18.980000	41.131222	40.357930	39.547036
18.990000	41.131222	40.357931	39.547036
19.000000	41.131223	40.357931	39.547036
19.010000	41.131223	40.357931	39.547036
19.020000	41.131223	40.357932	39.547036
19.030000	41.131224	40.357932	39.547036
19.040000	41.131224	40.357932	39.547036
19.050000	41.131224	40.357933	39.547036
19.060000	41.131224	40.357933	39.547036
19.070000	41.131225	40.357933	39.547036
19.080000	41.131225	40.357934	39.547036
19.090000	41.131225	40.357934	39.547036
19.100000	41.131226	40.357934	39.547036
19.110000	41.131226	40.357935	39.547036
19.120000	41.131226	40.357935	39.547036
19.130000	41.131227	40.357935	39.547036
19.140000	41.131227	40.357936	39.547037
19.150000	41.131227	40.357936	39.547037
19.160000	41.131227	40.357936	39.547037
19.170000	41.131228	40.357936	39.547037
19.180000	41.131228	40.357937	39.547037
19.190000	41.131228	40.357937	39.547037
19.200000	41.131229	40.357937	39.547037
19.210000	41.131229	40.357938	39.547037
19.220000	41.131229	40.357938	39.547037
19.230000	41.131229	40.357938	39.547037
19.240000	41.131230	40.357938	39.547037
19.250000	41.131230	40.357939	39.547037
19.260000	41.131230	40.357939	39.547037
19.270000	41.131231	40.357939	39.547037
19.280000	41.131231	40.357940	39.547037
19.290000	41.131231	40.357940	39.547037
19.300000	41.131231	40.357940	39.547037
19.310000	41.131232	40.357940	39.547037
19.320000	41.131232	40.357941	39.547037
19.330000	41.131232	40.357941	39.547037
19.340000	41.131232	40.357941	39.547037
19.350000	41.131233	40.357941	39.547037
19.360000	41.131233	40.357942	39.547037
19.370000	41.131233	40.357942	39.547037
19.380000	41.131233	40.357942	39.547037
19.390000	41.131234	40.357942	39.547037
19.400000	41.131234	40.357943	39.547037
19.410000	41.131234	40.357943	39.547037
19.420000	41.131234	40.357943	39.547037
19.430000	41.131235	40.357943	39.547037
19.440000	41.131235	40.357944	39.547037
19.450000	41.131235	40.357944	39.547037
19.460000	41.131235	40.357944	39.547037
19.470000	41.131236	40.357944	39.547038
19.480000	41.131236	40.357945	39.547038
19.490000	41.131236	40.357945	39.547038
19.500000	41.131236	40.357945	39.547038
19.510000	41.131237	40.357945	39.547038
19.520000	41.131237	40.357946	39.547038
19.530000	41.131237	40.357946	39.547038
19.540000	41.131237	40.357946	39.547038
19.550000	41.131237	40.357946	39.547038
19.560000	41.131238	40.357947	39.547038
19.570000	41.131238	40.357947	39.547038
19.580000	41.131238	40.357947	39.547038
19.590000	41.131238	40.357947	39.547038
19.600000	41.131239	40.357948	39.547038
19.610000	41.131239	40.357948	39.547038
19.620000	41.131239	40.357948	39.547038
19.630000	41.131239	40.357948	39.547038
19.640000	41.131239	40.357948	39.547038
19.650000	41.131240	40.357949	39.547038
19.660000	41.131240	40.357949	39.547038
19.670000	41.131240	40.357949	39.547038
19.680000	41.131240	40.357949	39.547038
19.690000	41.131241	40.357949	39.547038
19.700000	41.131241	40.357950	39.547038
19.710000	41.131241	40.357950	39.547038
19.720000	41.131241	40.357950	39.547038
19.730000	41.131241	40.357950	39.547038
19.740000	41.131242	40.357951	39.547038
19.750000	41.131242	40.357951	39.547038
19.760000	41.131242	40.357951	39.547038
19.770000	41.131242	40.357951	39.547038
19.780000	41.131242	40.357951	39.547038
19.790000	41.131243	40.357952	39.547038
19.800000	41.131243	40.357952	39.547038
19.810000	41.131243	40.357952	39.547038
19.820000	41.131243	40.357952	39.547038
19.830000	41.131243	40.357952	39.547038
19.840000	41.131243	40.357953	39.547038
19.850000	41.131244	40.357953	39.547038
19.860000	41.131244	40.357953	39.547038
19.870000	41.131244	40.357953	39.547038
19.880000	41.131244	40.357953	39.547038
19.890000	41.131244	40.357953	39.547038
19.900000	41.131245	40.357954	39.547038
19.910000	41.131245	40.357954	39.547039
19.920000	41.131245	40.357954	39.547039
19.930000	41.131245	40.357954	39.547039
19.940000	41.131245	40.357954	39.547039
19.950000	41.131246	40.357955	39.547039
19.960000	41.131246	40.357955	39.547039
19.970000	41.131246	40.357955	39.547039
19.980000	41.131246	40.357955	39.547039
19.990000	41.131246	40.357955	39.547039
